7137
9374
7761
6026
6971
792
9999
936
2879
494
6
353
2088
7071
4425
6770
3244
2496
7692
598
2652
484
6158
3169
8229
4301
1506
2687
9546
3025
4749
2771
3839
5399
6336
2268
7350
777
4897
9261
8460
7402
7065
1896
4167
9269
3435
3482
4212
4157
1214
9673
7859
7092
2414
1009
6735
5431
7541
4996
3400
4057
8625
8117
9419
1747
2211
9587
8573
2695
2423
5547
518
364
6608
4468
7764
4375
1199
1973
4145
4985
3431
6042
6036
3844
5354
1610
8633
4197
134
6941
8245
8460
7122
2851
8213
6198
1342
9817
414
925
5103
7371
6503
9854
4335
4727
3083
6790
9839
1588
2782
4612
4198
3276
8875
547
8316
4909
4528
4315
7736
5204
8994
6552
7703
1683
2184
2468
7771
5544
5886
3630
1216
6251
4647
8968
1904
3054
1795
4587
1439
3032
6441
871
2355
3052
5422
4465
8956
6038
60
2200
5978
351
1444
3810
6656
4754
9445
363
6061
424
87
5740
2538
5775
3103
9201
9991
9499
6501
8109
6398
2131
7792
1216
9414
6716
2158
4558
8235
4700
6306
4004
1973
4029
2994
722
8719
2641
5291
8458
6222
2012
1531
4421
4589
2238
1598
8746
3847
2233
2701
1081
4318
6092
8131
6631
5745
9361
5592
8199
1915
7063
2683
5159
1119
8666
5854
5144
9194
3869
5716
9258
1148
7080
5991
7063
9372
7772
5584
3284
1350
8488
3248
4202
7357
2263
2160
8055
9246
6396
7344
412
4555
139
2344
2416
6415
9663
2765
7151
8566
4921
3446
6861
6541
9444
2836
1755
627
5990
2892
9272
3566
8009
5317
1259
6111
9387
5257
5292
6537
2620
1740
5592
6002
8669
81
8387
261
98
5202
6391
9629
2748
6458
7128
3355
279
3864
258
1559
113
2875
9736
7804
9002
9866
7725
7972
1374
3256
8425
6632
3792
5890
1742
391
4513
2722
8586
8764
7912
4094
1939
7096
9775
9011
350
2714
948
4648
3494
5099
3605
8064
2566
3177
6577
3598
1867
8005
3547
4721
1741
7128
708
2285
7195
7630
8527
2037
971
8549
5621
3035
4648
9723
1419
5167
6407
3355
8318
8367
9516
6639
3313
8316
1296
8646
3699
3426
8339
2314
1412
5720
136
2882
5766
3879
9845
7405
4955
136
7982
6064
2504
3997
2008
4930
6088
4818
2443
1552
2591
2149
3993
9276
5096
7466
8406
3595
4633
3433
4301
3912
1912
7101
8038
7193
2048
1680
8877
5664
8307
7365
1086
9383
9298
5542
5494
5916
7700
2213
3027
3550
7618
5903
3182
1562
1967
2477
1112
870
893
4338
8009
1089
7189
4268
826
5487
4880
4836
8992
3619
2751
2714
7814
2520
5406
3535
422
1279
688
6980
2819
499
3724
3664
9409
7739
4716
5087
9647
2348
9689
5456
9927
8281
845
9456
8732
1495
5917
3226
7138
9233
3991
6710
1306
2226
8581
4358
8302
7136
7509
7655
1737
5882
3031
7424
9053
494
5059
5965
8065
6987
4874
9164
6327
9444
6698
6508
3276
5934
9706
2543
1740
1222
3656
6826
2349
7306
7137
623
1694
1745
8660
7705
2624
5449
7281
3478
3015
6191
1261
1358
7523
1387
390
7863
5390
3914
47
8146
6167
7694
2763
1886
4422
5542
6185
5370
3919
419
4632
9383
1556
2617
5179
4054
1413
9647
8157
1250
9701
2628
6276
2241
2077
2842
6216
3437
5817
4785
1425
5752
726
7516
5142
3847
4244
4389
8208
9897
8223
2384
7077
2847
7101
6143
3662
8108
9790
8555
104
4643
507
9271
8384
5970
6969
4900
6816
9220
7923
9772
2864
1639
5799
4171
4511
7096
4425
7687
435
6103
6238
8991
2629
1591
8153
9708
3768
9281
368
9310
5652
5871
7782
5
4321
431
9420
5420
2089
4461
7251
4586
6655
3828
2177
3147
2720
1474
1573
7088
2037
3223
9753
308
3784
273
9995
6313
8231
1023
4342
6045
3243
1797
5324
8370
4915
688
1926
7126
807
1280
667
8794
6605
3325
1508
7826
4878
5577
7413
2464
7534
1940
5912
2480
2083
5843
728
1689
5372
9336
1668
2314
7545
2771
1346
5316
3224
8136
8035
667
6572
4135
4965
4201
1798
3892
7714
3172
921
6844
3019
899
6178
4775
4251
2043
5301
8259
1118
3923
4103
3814
3714
6030
2280
3970
3958
9437
5165
2155
658
166
6261
1787
7975
5706
2852
4329
909
1903
9687
4149
5535
8184
3838
8998
6241
2730
7150
3700
6956
5575
1441
1155
8441
6891
5546
9233
9150
9722
2654
4250
2839
1290
970
1758
2163
4681
685
3243
3813
3181
5489
2881
7411
2816
7385
2021
7332
4774
9472
273
3910
8293
2516
1193
8060
6319
7635
7403
1265
796
9239
4713
1064
1793
9462
7298
733
4833
7770
6325
668
3791
7182
2542
8128
2485
1578
9298
1488
6719
6942
6234
4873
9938
3084
5423
9197
9881
1362
1157
5978
664
8235
1766
1040
4581
4119
6847
6235
580
1895
6131
8653
1823
9741
6825
8427
3073
8444
4731
8233
9722
4257
698
9825
4201
4533
8026
5566
2233
4879
8353
5777
956
3358
3213
5990
3267
9382
5994
1667
7913
2424
4348
1808
2849
8331
6210
7039
145
9171
3567
2191
4364
5840
6846
8182
2719
1392
9392
3130
4539
7007
5864
7941
9672
1857
593
7448
226
2705
1946
4072
7773
9057
6575
7434
8613
4880
3047
9909
2945
8484
7796
5122
9953
8036
7648
3648
9697
1346
2151
7765
4414
5049
5915
5018
6426
156
5825
8542
7151
7996
486
655
1913
3090
9600
5028
8207
7150
9143
1931
891
1536
4058
473
6334
3808
4070
1570
9030
7740
9688
5435
8348
5119
4919
7802
188
1983
367
9792
8114
1572
5438
7372
1269
1172
1173
7682
1753
309
5857
1170
2566
3288
4036
409
8191
9932
5785
8793
3916
4594
7184
4847
6642
4958
4823
814
9526
9006
6855
7396
5118
597
632
45
6831
1566
2276
6013
6586
1006
6679
5596
7216
400
7362
5360
1861
6701
4391
6015
8979
4107
5125
2625
836
9264
6936
279
5362
3971
3264
4027
6154
4036
4361
7956
3014
2913
1910
4568
5936
3940
2324
2311
8742
5609
7013
6061
4633
116
9121
2633
4889
6672
5339
972
3642
7508
8273
4604
6200
6329
9551
2115
5763
6102
6351
9959
3521
5486
4361
747
108
936
8316
9272
2193
4618
7216
8091
6558
6584
5058
4106
5477
3384
9516
7837
1379
4259
393
7359
5881
380
6812
9646
8085
2200
7219
3081
9716
4951
8979
6214
165
2512
5080
9531
2761
5480
3845
8915
4758
121
3842
1800
7358
1048
237
9582
8900
2005
731
2756
3825
5900
8924
8454
2422
7376
436
3619
1497
8631
2454
821
4107
1957
526
7951
7277
483
7322
7426
227
2040
6892
5349
2050
9689
4491
6148
7027
6476
6443
3620
7773
1284
6704
5002
1289
7263
6791
752
653
4260
3588
9014
5559
1898
5139
445
8205
530
8018
5987
7142
3157
1111
7503
588
2567
9713
8718
2478
4467
743
1878
9031
9170
4552
3684
977
1532
1357
2641
6748
1246
576
8755
4944
3377
9566
5694
134
2033
4153
4968
4670
8482
7103
1484
651
8679
2301
9886
304
4159
1733
1529
220
4585
9608
2608
4604
9833
2949
5032
5479
4429
774
2938
3173
7420
4706
9386
8768
6290
2198
9789
1272
4422
9886
840
6174
7774
8641
6324
8818
7940
3751
4129
5508
5571
3399
1892
7674
251
6088
2363
9552
345
2982
3302
7819
9111
4294
940
2434
1374
9770
466
1509
8471
2103
1795
9474
7861
8637
3945
7027
7733
1205
6764
3369
6326
5987
4455
6136
242
5466
1361
2047
5978
2214
6850
1806
4163
9990
2730
6061
6512
1043
3640
5352
1415
9732
8106
5864
5220
1735
5568
4564
2811
4907
2535
1817
2834
2624
9303
6934
92
2908
7151
2288
29
6975
4763
4582
7991
8973
1823
7682
8980
4635
7131
9987
2022
311
8420
771
6908
5444
1092
4119
123
918
3527
6153
1003
2900
7327
1072
8854
6833
1859
4213
6668
9039
3818
5812
7284
4020
4197
7428
3479
4018
6972
4123
4245
3633
6117
9361
5774
6367
150
6369
7116
1881
6297
9208
7296
2394
9589
9163
2806
4220
5712
7244
1798
5720
302
1548
4079
6097
1481
9019
4020
417
6952
4795
6917
4974
1672
8654
7966
3724
7285
7416
7058
859
9848
4091
1874
6823
8113
9491
6385
5067
647
9654
1814
4648
6427
2917
2328
9450
173
3762
8315
8205
656
6672
5949
801
7506
2144
2940
5378
9612
8710
6858
7675
6108
9429
4219
8696
9179
8567
5646
9358
6408
4439
4862
1051
9252
7304
6978
9189
3373
7039
4656
2812
6005
3869
9024
6978
5342
6916
5972
6359
6985
9486
7390
7750
2909
7112
1279
6461
9112
4181
4205
6525
9155
7679
4599
7517
2094
2030
5537
1379
5014
7309
1303
1117
2301
4245
2801
9492
6052
3272
3165
9891
4660
1697
6316
3439
9462
2539
8095
6154
2576
965
1684
7408
2566
9422
6453
6287
8440
532
2150
5624
6586
7597
8365
4353
9764
6215
2605
7656
2017
6841
8963
918
8465
7438
3405
7868
4345
7358
946
5556
3357
8444
4661
8719
1438
7039
6384
4015
8374
1051
4166
160
6367
9490
2191
3507
1576
8057
4626
9824
1978
3205
6155
2125
2466
8889
8358
1277
5969
4719
2968
836
7665
1599
118
10
7792
1101
2141
9049
7483
7808
1220
9436
1151
9629
2248
7220
8417
9715
624
1606
8390
5015
8391
2469
9126
736
1132
9852
5566
7006
2305
5704
9917
3915
1383
3126
9480
3743
7023
1212
8280
4691
6793
4212
476
8707
511
2187
5515
7109
5112
6577
7275
1612
5186
8201
1984
5107
4755
7066
2665
6089
2735
3066
1032
2948
6585
4178
1285
9539
6141
4065
4115
1429
2297
4134
3353
2959
3344
6056
2178
8940
5068
9495
577
1142
9433
6395
808
9006
659
7517
3066
6069
6804
9165
9217
8372
9597
7998
8521
8867
5174
9694
5592
2279
3633
2835
7495
8158
5886
2834
3839
5999
2122
2014
1010
5181
7414
968
9267
4242
6492
3266
9325
8517
1468
242
3267
2542
3482
5109
3146
3780
1631
5983
9489
7209
280
5511
1046
6110
8939
779
6596
2967
7255
887
9419
5851
1306
1206
5100
9859
6447
2670
3731
222
6217
1677
8346
3548
6442
1182
2356
6371
8611
6382
169
5577
6849
9019
6806
3648
8347
2807
4256
2731
8004
8691
4633
5439
4193
2796
2774
7073
4081
1728
3781
3431
3722
9644
4287
773
266
9000
9693
9650
1062
2191
3498
2310
7173
4460
8965
4124
6886
9390
7871
3183
8148
7035
5811
8515
7576
1346
8658
6696
7638
7913
161
8600
2959
5264
6373
2945
1276
2925
8651
908
4539
7330
3261
6590
866
2263
2326
1404
8643
3957
7784
6531
9913
2273
7302
6557
1383
8408
8683
9075
7872
6515
7224
9632
4849
1250
8640
8703
3775
5854
8775
7582
6468
5619
80
3037
2401
9781
4038
6365
5908
794
8167
1106
8665
3714
5997
5061
6475
13
8514
6520
8370
9470
5971
1625
395
1058
9656
9645
5993
8688
4264
5636
9902
551
2825
5384
2682
1377
7821
5885
8552
5441
4062
5663
113
4340
1183
3167
9662
7681
6209
8235
8371
6708
9526
1111
1311
543
823
5888
8537
2296
5079
417
9784
7563
2536
2664
3115
1005
698
4340
5917
7602
922
6193
9994
4016
6894
5777
1210
1965
7389
7752
8090
9984
1116
8806
3159
2102
7157
4125
5335
1967
545
34
1703
8821
8833
7890
2182
7304
2219
7596
1197
6533
6654
5231
6290
5204
6769
8172
4846
8460
2907
2862
6544
9221
4549
4852
988
1329
591
8178
7085
4385
5449
1222
3155
489
8839
9237
4511
1189
6194
9506
8324
8953
6159
3656
3905
1176
1402
3135
277
6340
9005
8043
1866
1344
7193
6560
7461
6165
5753
2064
7203
7088
8653
7711
7305
2500
8590
3725
2451
5929
4921
901
1356
9438
8373
5002
1875
6723
8193
562
8190
9374
9992
9399
4136
1616
5455
8655
3498
8548
8270
5538
269
430
4193
1102
9247
844
6952
3395
140
9744
5910
1086
6354
3323
5807
2267
3060
1376
3712
9592
7772
9460
3400
2084
698
7482
2758
6021
1403
8560
5550
2162
2972
2040
4877
4223
4758
2332
2039
3999
83
891
1118
1832
5776
2103
6588
7213
6344
5109
8538
3221
6710
2646
7652
240
3982
4906
23
8942
504
1085
75
9854
7562
3794
8398
7012
1565
1878
130
6173
2219
5244
8669
3876
5355
1334
9001
2180
1331
6560
4626
5416
3708
7651
2234
9421
1831
7202
8640
851
5286
4949
5193
3950
7798
1271
5934
4878
3098
2270
7081
9128
5497
6394
7096
5906
3486
1031
8533
4386
5539
3742
5150
744
3491
6902
354
1535
318
6381
5957
8569
6026
4582
3412
2754
7386
5716
3247
9571
4758
6448
2244
6824
1947
8229
2053
6065
3111
8571
7406
2738
4106
7250
6863
6483
4320
50
4111
2267
9070
6980
3250
5056
1929
4159
7183
5601
938
8508
4292
2555
2668
2281
4882
6653
3249
26
5556
5935
6105
4092
6627
7136
1977
5983
4949
7247
7998
9994
2162
1013
9094
2409
6204
4646
6759
4255
2200
3410
7410
8118
7319
872
4939
9835
3086
624
9813
4033
7708
7042
159
8393
522
285
8607
5351
376
2102
2384
1418
9885
3312
3093
3782
7895
798
6978
995
3184
1743
6057
9571
3478
5515
5427
1162
5189
9040
2344
5563
924
9840
8162
3337
3781
1992
5160
7989
9747
4184
6396
1802
2048
5781
8290
1257
4263
6337
2380
7701
2179
6359
4873
6417
7916
2296
9993
2556
3685
6687
5915
5580
6662
5212
94
4747
999
5981
4200
6971
7659
2822
7528
4957
7973
3542
1755
7873
2093
6203
9221
9050
9338
1274
1543
5182
3392
5213
5264
9349
1642
1506
6545
5787
4657
8460
7401
7810
8713
9198
1894
1522
1555
8152
1854
7049
9203
152
8221
5894
9493
2686
5862
7715
6222
9312
6889
2342
6368
2324
9890
3172
1619
5781
266
6212
4639
5804
9889
4976
9949
3615
2706
5229
9069
8243
6542
5120
9670
42
411
5637
8878
3180
897
3522
1582
5171
818
3776
5620
4111
8308
1736
7082
9820
4694
5298
569
3371
5100
6359
1260
538
6596
6760
7895
8710
4861
8118
8354
3442
1857
6816
2438
420
3789
5098
9652
969
767
6740
3342
4351
6998
1106
6324
8136
3108
2490
7364
8689
204
2637
2263
7414
8716
3069
8127
4836
3693
421
4459
3816
2225
2381
125
5230
8009
4021
950
4307
2652
4319
8745
3486
3246
478
8873
8126
1016
3324
129
4689
6377
453
7688
7138
1610
5115
7119
6189
3540
7860
5070
7793
5132
4848
126
1765
6665
1473
5551
8824
4316
2396
4165
4494
6397
9453
4414
1258
5229
7012
5882
6189
5695
311
1914
9858
9904
6073
6838
3745
1036
6249
5326
7598
8477
5149
1847
5257
641
7386
8894
7256
1475
9114
3661
1253
1627
7813
4204
6746
5434
6534
7784
8893
509
6985
6010
7285
7514
2044
3716
9503
3957
2408
1080
5985
7256
3959
1389
2259
9228
2097
69
6988
6164
6840
4125
9411
6189
7794
4986
7740
8268
1224
1870
889
5335
2414
7278
9494
7336
5271
1003
8607
8727
7685
4069
3664
8886
5541
9522
3385
3264
495
2598
8115
7688
6623
8881
9764
8183
8867
5408
9999
3887
1856
6269
6632
1239
1099
1294
4237
3444
9854
3623
3965
437
3989
9579
9240
1031
4078
2174
8561
764
8672
7742
3995
6066
5162
3793
4111
7810
5008
4936
3079
5037
8233
2944
3451
2718
8011
6445
8743
5786
9957
5526
3364
5339
2308
6614
1641
1915
2518
3397
4766
5054
3077
281
4309
7978
4266
5860
3633
1137
4473
5272
4011
8633
9279
1913
535
7091
8987
976
4034
7389
528
9543
9095
5873
3737
553
5047
3156
3904
857
6271
5414
2160
6807
615
5218
2821
4329
9761
6348
2081
4270
3483
9823
5620
7979
429
6377
3631
2527
1720
4047
502
9736
71
8166
3008
8326
6325
5081
5218
3802
7394
203
528
6518
4406
5630
1247
4294
7541
2516
3978
2351
4526
8568
4677
9961
3028
1685
714
175
3315
6522
8523
6256
6440
2045
4506
6075
4961
4550
3716
3550
7734
2497
5592
4506
7667
6569
8464
2799
1508
849
4923
1420
3688
8708
8250
2419
2075
95
6075
8973
2040
5243
1158
2691
6712
3545
804
9321
5491
5278
5767
6462
9920
8227
6719
7549
5931
837
1357
7442
4050
8462
8057
6280
4722
9538
2612
9882
4147
4044
3022
7000
7126
7500
3597
5927
7375
9922
3681
5631
2429
657
8191
9422
9856
6810
6883
2404
3835
5136
6733
7482
6283
4631
7180
8551
4766
9878
1089
3584
158
3214
5231
4887
632
7143
2882
8493
5014
7161
7652
9781
7704
9078
2096
7815
9462
4286
6812
6593
3178
1015
5790
7437
1416
9550
1529
3085
3022
4649
9153
681
9345
8911
2148
7871
6736
6780
3608
3423
928
9985
5992
1426
591
1758
9213
6004
1920
8950
1645
1700
3475
8312
1078
3191
620
5599
3046
6879
1942
3939
2010
5989
5771
955
6886
330
3556
2473
6142
1603
8254
4365
9259
5262
137
3053
744
315
9416
9490
72
9157
5018
1113
5958
596
1401
1095
6163
497
906
4581
4685
6210
7311
7059
6631
2825
7445
934
7334
1626
1583
2532
6325
3697
99
3288
8686
4506
3391
5622
5996
8541
4429
6185
6572
6576
8464
6557
73
1980
2405
4223
4612
6657
7151
4722
5538
1641
9809
9225
3731
2149
9078
484
7894
2011
6373
4079
9681
7752
7273
1219
2676
8356
2719
3932
6299
2732
7088
3465
3500
3265
722
7901
6722
487
7779
5606
133
829
6403
6956
7286
6741
7097
7995
2537
6026
6928
6149
1346
5124
1734
9951
9377
9333
5841
1841
2723
1442
8987
5518
1985
9102
3117
7109
1030
426
7482
2423
7211
6745
9143
979
3579
1243
7308
1132
5204
2274
4232
9656
1115
564
2426
3423
529
217
7752
429
7092
4470
690
2397
7652
8467
3503
1374
2722
3001
9339
8322
4242
5094
416
2583
2519
3614
6312
7251
8264
656
190
7016
7574
2362
228
1800
7364
6055
5965
1687
6284
4062
4398
6019
1493
8481
8631
2328
4745
5265
2716
8774
2264
469
9875
7201
1565
6292
7758
2525
5020
9613
3571
8218
4304
1142
3987
6949
2078
8993
9608
33
7268
6557
1364
9305
8130
825
6774
278
2895
4029
7255
5951
1290
8390
3761
6598
1439
1041
6967
1935
5740
3796
9941
8654
6211
335
5770
8073
4475
1567
9981
5754
4069
8486
7755
7433
3105
652
8902
3280
3401
7586
9377
5618
8204
9850
6696
3572
4332
6308
8046
1793
6178
4219
4100
9440
8371
9154
8599
9844
1120
2485
3610
960
7226
5177
3024
1599
2643
8011
2370
8711
3019
9946
1270
6513
7164
8353
6001
9148
4626
7079
3511
4748
8603
941
5002
234
7365
8085
6700
3039
6987
4929
7805
8020
5761
1858
779
5279
5938
1758
7095
7344
1614
7559
2384
2235
2502
9453
8491
2285
2098
7225
6404
7293
5324
8217
3199
4560
5116
6851
8245
7671
9615
7339
8719
522
1639
7259
2152
2988
9919
5970
4243
9913
7252
8543
3426
5624
4121
2801
9793
2059
7639
4364
4913
9779
4712
2179
763
7635
5228
4898
602
8632
5752
6709
1903
6710
6730
9721
1668
1538
6533
8867
7404
6193
3786
4418
2853
5653
5401
6678
6146
2370
1466
7207
9493
8920
9730
988
3725
6684
1826
4376
8066
3820
507
4373
5358
5441
2274
5794
5613
3801
2514
4224
6279
6569
945
4329
5870
6805
3596
5045
8707
9137
3831
5419
2481
2809
8956
7509
7000
3768
889
5609
2121
4777
9001
4298
5101
4621
842
1341
2905
4964
1665
5285
2861
6106
6918
1780
5918
965
2733
7076
363
9996
8239
1965
217
8419
110
4474
1827
1103
4090
5083
4167
9821
521
3879
3213
2162
799
5144
8463
1296
9625
1186
110
1126
3450
3854
8672
1796
9016
9204
5030
6497
7160
7967
7663
1626
6072
2148
5691
8882
5139
5917
778
9689
5163
7221
8401
9423
3270
5008
9076
1398
1156
5863
3146
8275
3421
2953
8537
1635
8725
9660
9468
8796
237
63
5528
9701
3422
8494
4760
5601
8613
848
1435
5660
2989
941
9053
7162
1599
6359
1770
9971
9904
9475
2922
6104
940
1017
7635
867
8616
5515
7583
2862
5004
247
9875
6338
3450
1845
8817
878
1297
7702
8778
198
5674
2449
8794
3981
3312
3355
4679
4076
690
2315
2408
9128
3929
6254
7308
9816
8820
2220
7232
166
99
8236
4251
9151
5692
6059
8692
775
6023
7379
1349
83
658
747
4542
7271
4584
2484
415
1883
4269
1229
5272
4411
9215
2375
2107
3131
8247
5646
9535
9880
972
6319
4300
9689
3950
8196
6190
5621
8008
4331
8828
2049
7793
9713
7066
6662
7198
8669
1935
3946
4620
8528
7066
632
114
315
6283
6663
2483
6630
677
3583
8103
6706
4884
5944
4820
8678
6524
337
3691
9533
9791
917
8499
3900
4045
9972
8009
3874
913
6950
8713
3412
8900
9654
6518
2465
2791
6858
4192
8009
6215
2442
7714
1387
9704
7363
8715
3956
3250
7252
2067
5973
1943
228
7411
6817
5619
1651
907
8204
8605
9979
8788
5876
3633
609
7491
9398
4775
2640
6015
4167
7888
6923
4980
4483
3418
2356
3395
1676
5695
1435
8533
6622
4865
5379
6527
1731
2450
3726
1278
3510
9223
3273
7126
3133
4542
6451
6346
9105
9565
9788
5973
3072
2920
8983
9740
7101
6256
8304
9984
8347
8890
8505
1223
4915
5262
9260
1865
4947
6277
9256
2973
9491
5801
9484
3331
8528
6518
3049
8242
8712
5175
7834
5366
820
5829
6766
4719
4687
1146
4076
1505
9504
6002
4965
9837
7730
4701
389
2607
1611
2973
8273
7762
2304
8562
7443
4098
2955
9738
744
265
8717
9289
9438
9171
8672
2733
1805
6227
6878
3329
5027
3899
2377
3263
1014
6995
868
9860
3538
2751
3989
8101
6233
7305
5656
5794
8414
5496
8769
5849
8424
4019
9717
765
2276
8949
2602
8155
8712
7386
9857
2479
520
9552
1053
7404
5877
2062
7026
5272
2880
5266
2266
4973
4958
7610
4418
7213
4857
7737
6208
6650
108
717
1634
3618
3422
8235
5328
4332
7383
3832
1208
7321
3926
3324
4146
5590
5625
7489
6284
8564
7617
8735
7834
5203
6088
5997
725
9834
1686
2454
2304
5274
3998
8760
5444
3525
6238
451
863
3022
7691
1935
7265
2754
5141
1065
4963
7844
3495
7655
9075
8207
117
6512
9085
1766
7027
562
2575
6343
28
2478
2302
9870
4071
3837
7408
6812
9756
9292
1551
9806
6683
9505
2971
9464
5592
653
4166
1984
2715
202
1670
3758
6544
8367
9699
4555
9392
2138
4941
5958
3486
4110
3574
9784
4138
1502
5801
1953
562
1643
7606
902
8279
9016
4226
6050
5747
5508
4942
1053
1824
9869
4150
8602
1
4642
9438
8436
9955
8758
3369
7810
6897
1898
2038
4239
4422
2268
136
3558
7179
2963
9159
2464
5469
3307
2747
3638
5125
627
666
3251
2497
4840
893
5201
6157
2895
7435
3806
4098
2624
80
6801
7590
5915
1071
3520
630
9191
2894
8872
6958
5198
794
2394
5008
3798
3414
3001
4807
1099
5071
4367
9865
5569
3545
2833
1388
7054
7985
9647
1751
9558
2579
1982
9148
1530
2924
2652
5522
7965
3757
6770
5457
7173
8590
4647
4617
1211
4129
4180
2443
3141
4909
2710
5339
6129
6501
7839
3405
9069
8838
9088
5846
978
4754
7413
7669
1684
2644
7584
2989
9499
6330
9245
8327
7499
9665
6037
2679
8769
8169
8602
9765
7616
5122
6540
1931
8044
4886
6367
4398
3061
1988
7457
3266
8348
483
5542
522
1668
4483
3872
4620
5016
7376
5411
5701
9967
4213
5545
432
7923
9037
3701
2596
6061
6503
4001
2073
6628
5030
9615
6660
1969
6964
2838
8283
153
9732
3068
7608
6399
819
7857
8775
3633
8537
7987
9070
1454
47
6124
6673
6556
7818
33
3356
9214
5868
5553
7948
9824
7449
1578
731
6704
6624
9129
8516
1353
7168
9309
5122
191
3569
350
2162
2451
571
2301
678
2319
9638
9006
4953
9697
3030
898
6079
8036
8715
8902
4305
9541
2321
9285
6025
7800
5442
1600
3371
5350
3251
7078
1811
9032
8107
2808
3902
9145
72
7775
5398
9306
9663
511
3270
2738
2979
4458
3916
7238
4397
6431
3784
5491
7466
5555
3974
9562
301
4944
4989
8450
7844
6044
7732
5364
9678
6025
2108
7051
8705
1929
5123
945
3036
1349
6272
7139
614
8360
9147
1307
3782
5136
4735
1529
8825
4229
3653
6719
3783
3843
1699
6829
6321
8606
5518
5351
2317
1306
2951
2753
4935
6866
5648
5449
3455
8432
9952
8651
878
6849
5693
3031
9422
9052
1546
4490
3440
7920
9919
3570
9963
6015
3956
5988
8158
8262
4130
8659
261
4150
2239
6169
8245
8270
6053
1119
2443
9177
8844
8023
562
393
4122
4522
8221
4189
7460
5524
4927
8260
4052
5638
2698
7776
2798
2723
8049
477
5121
732
1868
434
9482
3144
5881
6904
593
9237
8885
8313
5722
4214
661
7794
9162
749
6597
5960
9901
3941
1459
8636
6875
3821
6414
2097
785
9585
9502
6051
1396
7563
6034
5092
4473
534
2066
2594
3077
9478
1076
7190
3797
107
1222
818
9710
5550
8149
9116
8296
3541
6245
9442
4404
1041
9404
9155
5453
1847
946
6991
8469
2976
1105
3300
6351
3793
9735
736
3756
7799
1255
5581
1415
725
8704
1306
1340
174
3826
179
4391
1456
506
5820
5974
1392
9616
9399
5256
6958
4330
4878
8227
8392
6296
4153
5180
7066
4766
1277
8708
6846
2650
5995
9249
3939
5829
795
1313
4292
4587
2364
5083
9487
8953
7901
4876
1795
2944
9099
8015
6514
6234
1737
5186
5116
5607
6852
6016
5773
2701
221
1724
8850
9015
478
9
3686
3932
2640
6088
9528
6576
3023
7735
7945
7772
3556
1492
6145
4017
8403
1869
720
1467
3404
5251
9103
4237
9380
5487
1695
7982
3616
8684
1035
6681
9921
620
5676
7820
6630
1336
5490
8779
3569
8002
1983
5092
3635
8929
1964
9492
1900
8714
5347
9169
5401
6979
8237
7501
9689
855
567
5676
4049
4455
3505
9081
5872
6938
5611
3122
6107
4438
8283
3195
1912
153
436
3972
9710
1156
9547
3848
1669
160
1203
1424
1298
5335
2107
2250
9377
1597
2162
5702
9642
2267
9661
3808
4834
937
9893
6145
7587
9507
1547
7499
7385
9886
7162
7875
4328
3635
3620
7670
2839
5970
6089
4349
3586
7955
4280
779
9873
3473
2881
9562
5546
5598
9088
2141
5076
409
8840
6224
2881
4893
9971
215
8182
9666
4879
8651
3741
6459
7479
8448
1647
5012
9266
1710
7046
3904
7080
7248
1117
5099
841
9572
7932
2565
2964
1099
5940
1159
2397
581
3706
3190
5332
8370
1287
6532
1498
7010
3164
9985
9654
3860
5994
8706
8418
1021
4618
4933
8860
6599
2742
7020
3459
583
491
2800
1951
7970
9649
1706
8348
1670
8814
3749
5005
7672
4900
2425
8965
5503
4509
2972
3048
7570
8498
6968
9110
2145
5768
9245
3779
5971
7755
3281
7546
4215
3420
6841
6607
7365
5610
479
3035
7039
3607
7687
2999
5170
3381
7012
4602
4003
6636
3208
6594
7515
2057
6662
6759
8401
7360
7752
4077
8613
8721
5501
1892
5586
4926
8017
279
747
7221
5510
4561
1683
2253
5399
3480
4418
4671
3008
4938
7679
8094
655
9401
6696
7899
2544
1088
169
7025
2831
4851
304
6442
9443
2349
2538
5210
6830
4502
8477
1183
6641
8512
2888
2309
6562
6794
3148
228
3992
2050
7478
2365
3075
7410
6473
6143
709
3096
987
9027
9587
1329
8266
1140
4088
9428
7367
2971
7837
6907
4358
9296
210
6166
7596
1842
2652
7996
3428
7455
4740
2402
3102
5607
4172
2540
2349
8856
4539
4516
6160
2637
9618
8645
2584
6136
3208
8384
1051
4391
9042
1613
2672
2781
6254
5205
2253
9042
1948
7871
4335
4642
4036
8182
8485
6902
4219
4335
2268
5607
3153
9782
3863
2996
7265
4121
118
4037
9433
1797
9976
4636
3778
2133
7719
9070
8208
2928
5162
4347
7043
6465
7117
8382
5
1141
9776
999
3202
4126
7402
1523
2350
492
8742
4491
8376
2032
918
5414
834
4668
5172
1846
5086
6771
5867
1126
5100
1967
1340
5056
4859
9104
2861
3516
7924
8925
5814
3553
6444
1669
5444
7848
8058
2362
8021
6618
1568
886
7146
9981
9982
2006
4031
3631
2611
6527
82
9240
6245
8495
9865
2458
9146
4924
2654
5557
557
3925
1107
8876
2751
4302
6398
5002
2284
4701
102
2357
1985
3203
4489
285
5531
8910
4545
6065
1974
5491
6975
5345
8449
2946
3740
1438
5505
7896
259
5626
964
4601
1309
180
5038
8595
869
8132
1555
2367
5668
9034
7554
7786
6071
7877
6283
3165
2030
5180
6667
3748
6345
9818
5702
3219
2234
2607
8886
350
7269
7879
7833
9328
1203
2315
3467
4499
855
5171
7871
233
1294
1698
7755
4498
8876
2004
7767
322
8352
962
2435
2777
3216
789
1374
398
5746
6918
3606
8997
784
9444
3300
2735
5175
7020
1084
1997
3040
7397
2150
147
5540
8983
4868
1536
2658
782
1306
1293
3663
3838
4156
3351
2377
5945
2917
6961
3154
2782
5851
3466
3570
2850
3268
4537
197
668
1949
252
4583
2485
175
394
7562
1484
7741
5207
1361
4883
5588
2433
622
3680
5232
5939
5426
6841
9058
7495
1667
5690
8696
7314
6726
957
233
878
1299
4500
1776
9261
1407
69
1042
7665
8213
2619
8049
2206
7032
3715
746
8132
1128
1293
9471
3605
313
5702
9498
1910
9180
333
9605
1564
4854
4389
8602
8164
9554
7382
1062
4006
8994
9791
8106
1516
3646
2003
9050
4387
6242
4103
4922
5902
5546
2411
5471
7408
3374
4731
7111
1144
9131
5217
448
722
3719
1469
2524
9408
2554
1041
728
